	87	44	103	16	115	92	37	42	41	29	117	35	109	69	28	26	88	74	6	43	56	107	2	84	82	46	54	cps178	73	105	113	108	34	11	101	99	9	10	100	3	1	cps184	89	36	47	22	13	81	5	111	106	104	53	90	12	cps190	60	45	25	91	cps192	93	75	cps174	112	cps201	cps188	40	64	cps195	24	4	98	67	85	15	cps191	23	cps189	cps196	cps182	cps177	cps180	cps179	cps185	cps173	cps199	cps176	cps197	cps172	cps186	cps187	55	27	19	18	68	58	116	21	80	49	cps175	48	61	76	65	33	78	59	62	30	cps193	cps202	cps194	110	57	39	32	51	cps200	94	72	20	52	86	50	77	71	79	cps198	cps183	17	114	66	38	102
87	0.0	0.816659687904	0.879542457566	0.787687797775	0.868536220153	0.816841416396	0.843787792691	0.888186411767	0.898034953995	0.869731490729	0.863470880355	0.870891385466	0.864443865432	0.810397696159	0.788034255395	0.806550785343	0.809743953317	0.816383492468	0.862048773874	0.812453090902	0.763163274693	0.87056949317	0.863974327265	0.845973088705	0.851831514311	0.812224540839	0.830285056938	0.884529314468	0.829043358388	0.867839894421	0.859905449099	0.885057410808	0.883178773409	0.877432401583	0.881515930058	0.867265301024	0.877178585817	0.869891511892	0.871034602635	0.866932608426	0.861927789364	0.887050067637	0.81704254128	0.870315045552	0.805930526441	0.814535755009	0.862497789507	0.786981957174	0.873858345437	0.860227353544	0.869055967515	0.878815988778	0.798478704908	0.813593731821	0.870527368309	0.89188121733	0.8184759858	0.790280562306	0.795135444504	0.833182839875	0.897508363486	0.830368002609	0.80682689887	0.901800579808	0.861983594204	0.886267306978	0.898753521233	0.881092622134	0.789352618266	0.898527654892	0.788180081649	0.868604374257	0.860028519153	0.862518164221	0.812892371208	0.80127031564	0.895247553442	0.811968171449	0.895900658074	0.901112103041	0.884210207983	0.913485352229	0.894626684644	0.894297895119	0.890520483005	0.90281094285	0.889925063979	0.904706801066	0.890732451503	0.896315303741	0.893032557183	0.896453862189	0.804101227959	0.820537186488	0.797575369974	0.79658984291	0.827228300035	0.800092520514	0.867461517029	0.794176689075	0.793760484067	0.812260194595	0.904994459511	0.798655889755	0.800504794336	0.848591634505	0.778118936232	0.871438270399	0.840265002927	0.795356794459	0.811129737426	0.873134390734	0.897280939542	0.892735282027	0.898708085692	0.869931553094	0.772042634827	0.842276784131	0.859926677849	0.804136549511	0.889257455596	0.829596842063	0.80620243031	0.806861332226	0.820407173459	0.811493528122	0.772880778049	0.828203307835	0.818836185088	0.85059073201	0.894340351118	0.889286186011	0.801034194538	0.859121083602	0.796338997586	0.8352349498	0.869629199144
44	0.816659687904	0.0	0.878568076301	0.779123413599	0.881294439229	0.820649500237	0.860722416996	0.879716930286	0.886862553968	0.86587226732	0.871183465332	0.861619343517	0.864598762479	0.816551259382	0.769807485943	0.751578932653	0.780056760436	0.804173188305	0.87011427181	0.803045280453	0.776480618382	0.876825075922	0.886147575191	0.829872771765	0.833155448125	0.780872382032	0.827909391022	0.853894102695	0.84219262212	0.878551115045	0.871791961533	0.880292908434	0.887460554248	0.88502994435	0.880680249931	0.881581806872	0.880669287579	0.882070478132	0.873932118713	0.879613164844	0.86783860559	0.866596054747	0.81201522092	0.86161171888	0.757439106253	0.783195288078	0.869541869839	0.768585984954	0.875396208203	0.872913955793	0.877595143943	0.877697076989	0.777096491144	0.819175160769	0.875037999085	0.866666175788	0.769492672906	0.799034207044	0.776825274828	0.814041309142	0.87024028751	0.802062264468	0.80514253902	0.876857405657	0.870941299787	0.862396877204	0.868304589424	0.875883807308	0.822855876798	0.873780439864	0.793993320345	0.870596276186	0.860825558229	0.841379654261	0.783708642702	0.783942693307	0.875210964622	0.751739609045	0.862834094003	0.874214399723	0.864799263854	0.894412390412	0.861509763041	0.861988580496	0.866094197608	0.87676574155	0.859630511712	0.883448070571	0.864373072938	0.868738533341	0.870681230178	0.863111763572	0.785742106902	0.779674311189	0.774687211869	0.748094050506	0.797387491049	0.778268200427	0.875712293881	0.762916760526	0.760403729912	0.772080483263	0.880840260965	0.782584888522	0.792527950518	0.855339572132	0.781281724259	0.864463140364	0.847670562699	0.744907741527	0.800260690547	0.872412488963	0.876535446573	0.859455112711	0.871445381471	0.874604654748	0.77441359084	0.860561746756	0.836795352977	0.762498878798	0.851585014112	0.797668973047	0.787248959546	0.776592670369	0.749404397712	0.801698181693	0.771929337444	0.820769097786	0.795053569808	0.85552414521	0.864247504854	0.866052696845	0.801789062792	0.876667427133	0.802820453532	0.856095646915	0.871693341693
103	0.879542457566	0.878568076301	0.0	0.882553391556	0.726671279081	0.874888963622	0.864607207565	0.840576088753	0.837461871558	0.804350188862	0.745218451135	0.804072161035	0.739999651507	0.876415465737	0.880705601498	0.882406165149	0.889730427388	0.861003694284	0.709973136254	0.888667624278	0.87851511457	0.686118246729	0.719024234039	0.880786671834	0.871205137318	0.882810589654	0.867964442269	0.905257627245	0.864555989157	0.693122120748	0.700343777325	0.696381364606	0.841467732966	0.759065368151	0.688824274046	0.736288092905	0.691221366602	0.720335353979	0.70267575716	0.719374966633	0.72647318717	0.906345072401	0.885139684905	0.795751921736	0.876268390311	0.88507754629	0.699993324728	0.876681786772	0.685945087124	0.728103737177	0.707725740115	0.704651532346	0.876086502301	0.861604700848	0.677393580567	0.918661420499	0.884087215678	0.874853406707	0.885007322605	0.87112487787	0.909427201691	0.87306866023	0.867097965222	0.913220394816	0.686014681182	0.916245721663	0.914617990393	0.83466207325	0.881302481003	0.906347190377	0.890668105433	0.760913850885	0.738228225242	0.889643189884	0.876490667249	0.885287093057	0.915117400627	0.888319420904	0.916688925997	0.924175912876	0.908037196231	0.928653381186	0.90936639703	0.910827857999	0.909186765566	0.916028657258	0.911424629227	0.917392258842	0.911673500243	0.909093201061	0.907303985584	0.912717475943	0.88581963426	0.867415057351	0.886774229119	0.883001883074	0.857787761149	0.884397385213	0.739036385201	0.887772618969	0.871113938174	0.865671816417	0.91703852752	0.87706651638	0.869689427893	0.89871144335	0.87920989896	0.795786327531	0.900349786937	0.888240038718	0.891209882092	0.790596588251	0.911787694835	0.905468334423	0.914580393905	0.708338284586	0.873566714096	0.82829177825	0.811149069054	0.880784747256	0.912280438095	0.864648858469	0.849607863643	0.886308819036	0.876516924635	0.894338279116	0.874161868339	0.892453910203	0.861939487473	0.894073917232	0.915065167205	0.90751038122	0.883131889266	0.708718028319	0.873164489444	0.846949385426	0.68151708915
16	0.787687797775	0.779123413599	0.882553391556	0.0	0.878817975404	0.835885502361	0.868531358873	0.892150175024	0.900900369842	0.87662865557	0.874366190525	0.876797466646	0.86769264462	0.823456521697	0.765615560837	0.775474280615	0.794902042542	0.826131277783	0.877480803296	0.807661288379	0.762709343904	0.880957050399	0.883250079775	0.839134506609	0.850197014926	0.790417522258	0.828616566963	0.855222362512	0.851609230072	0.87922604115	0.874280046258	0.887589400244	0.895406073349	0.887126767533	0.881321359161	0.880930359736	0.883207188948	0.874659003475	0.875788054248	0.87855716956	0.873096038498	0.864107028447	0.823009617124	0.872587383126	0.780085376424	0.794928029924	0.870448306373	0.767482029471	0.87664113585	0.87532476484	0.88185313594	0.877829826945	0.774180393458	0.821190271534	0.878368374722	0.860169162718	0.783837672678	0.809301475561	0.776242082834	0.822364892189	0.871168491961	0.822430532464	0.820460574823	0.875088004814	0.868164855606	0.862047946467	0.870408280174	0.888354746961	0.803907948989	0.870876880301	0.76163414218	0.874675298235	0.868722145135	0.842419327931	0.792053093673	0.756509394009	0.870191543012	0.7568156358	0.865045365464	0.872961065749	0.86140376044	0.892046149778	0.862736191294	0.864799842643	0.865503067153	0.877867189292	0.862148138414	0.882389418921	0.862443034647	0.871525930645	0.867777562448	0.866232054363	0.785227877263	0.787315513904	0.775085952722	0.710799683028	0.821987340061	0.788659495768	0.877388064297	0.756792680024	0.775173746645	0.799248005974	0.880656639228	0.771115838598	0.785144997707	0.859915532106	0.769878793128	0.875943038859	0.845181807178	0.766495359643	0.804189200441	0.873980971419	0.87358171009	0.86304068259	0.871513715286	0.873518471869	0.790234438595	0.871022833498	0.85319219608	0.781570320046	0.861202462418	0.83402614449	0.809738501329	0.772649160471	0.767164355009	0.815516867952	0.765548192917	0.82255626232	0.825830341772	0.854149867348	0.868207612295	0.858917901324	0.789854396633	0.878309768679	0.797715710203	0.869601567401	0.87791086209
115	0.868536220153	0.881294439229	0.726671279081	0.878817975404	0.0	0.864592571486	0.851257043475	0.843026540242	0.845525217478	0.818090521659	0.749934791116	0.821748517746	0.752361218277	0.868469536804	0.878688606457	0.879381256071	0.891504324786	0.849171339684	0.720264653827	0.885287622557	0.874452173811	0.730959142377	0.712442557834	0.88196587571	0.872123564036	0.886628860063	0.861052397503	0.907119664836	0.845182493513	0.728436594989	0.740804306652	0.702382865542	0.835656443171	0.704012179991	0.730401022857	0.717824452095	0.72596044426	0.727200281713	0.735384879196	0.74596159028	0.73500953922	0.911248524613	0.88109949951	0.818775504676	0.872372015451	0.87691754115	0.732205551704	0.876038669154	0.716669787598	0.718811500786	0.709504248889	0.716692781712	0.871450923431	0.853656629897	0.726495078683	0.91844300331	0.886498302765	0.871582740674	0.87836691912	0.876980082028	0.9113261408	0.872476821444	0.86299912396	0.915943879031	0.726918489133	0.918084912279	0.918135846778	0.832043708103	0.870422786118	0.91137094544	0.884551479647	0.784026002029	0.772312432197	0.891448143258	0.860362505176	0.880598490877	0.915452218644	0.887245050865	0.920177617696	0.922455890482	0.913862842071	0.925982641314	0.914235352736	0.912667455216	0.913621808965	0.919013974227	0.920009063067	0.9179500985	0.915096088478	0.909532354247	0.912301981171	0.914307350847	0.883349077747	0.869696077544	0.882922841215	0.880371008579	0.858954040074	0.881911959764	0.759164497584	0.878449421694	0.869448818675	0.870903475971	0.916527081785	0.879217085235	0.872355300498	0.892274588426	0.868886343	0.808283789853	0.892474529226	0.883441462998	0.8809884911	0.809121115508	0.913907378073	0.910647290526	0.916518417409	0.722218441215	0.864093515526	0.833882841645	0.833248842414	0.879698206933	0.916300782127	0.857545371852	0.847831504126	0.882139003919	0.87603947397	0.888924756488	0.867472495848	0.88584794041	0.853731046782	0.882311439598	0.91763534774	0.911245738018	0.883843229347	0.703222359656	0.860535686094	0.830376705103	0.721654679783
92	0.816841416396	0.820649500237	0.874888963622	0.835885502361	0.864592571486	0.0	0.845451543612	0.876149459304	0.88879097696	0.877351103005	0.865226964611	0.863688172643	0.862318945507	0.747457308072	0.818741612038	0.825777105898	0.822146328284	0.788902221416	0.866453644628	0.821809387201	0.815710796233	0.869496350348	0.862480268414	0.848824608782	0.808701799223	0.816503284188	0.841954976419	0.859798738121	0.812756573642	0.86963039854	0.861180036281	0.872140345782	0.877348350617	0.871486784346	0.876327246486	0.865200465585	0.87413687379	0.864438088133	0.869067538544	0.868608022349	0.858072029711	0.874775877415	0.803248777032	0.866646467533	0.819028288619	0.824710935308	0.850051810752	0.812169785618	0.863663145309	0.866643906074	0.859607086611	0.872097595726	0.815807943238	0.784816010006	0.867715963883	0.885037591265	0.822524223286	0.837287004755	0.796778734729	0.823367461047	0.873364868766	0.797523527745	0.801163452168	0.885847563814	0.857152931028	0.872187082126	0.885472977274	0.875614529198	0.830509697757	0.87334634683	0.817917257825	0.869285971215	0.851675755458	0.858942264879	0.811714397746	0.824075976259	0.883721222727	0.827239220226	0.878560633852	0.892831063882	0.871654480836	0.891119563517	0.876785965909	0.870179612124	0.876262083924	0.88770246902	0.874854544157	0.882370627102	0.869338269518	0.873152575434	0.878212569378	0.87896175578	0.823888525036	0.83245421414	0.822706361543	0.823587967596	0.798574987094	0.825100637983	0.863199353107	0.810256577937	0.810014885881	0.812211630866	0.88101633172	0.811033593099	0.814902491563	0.834457850599	0.814840727798	0.869281135174	0.830579013524	0.803310074143	0.825439403081	0.880724945293	0.875129316799	0.87372882032	0.883246247978	0.855572132755	0.817546662311	0.848383243318	0.857277491794	0.817471544184	0.871137309886	0.816152702726	0.800542769816	0.81014509033	0.81385472022	0.823628565549	0.797256111854	0.823928466256	0.807643987033	0.827179868182	0.876316276715	0.874687876276	0.830438471643	0.864912758518	0.819839044438	0.831582980499	0.866626331962
37	0.843787792691	0.860722416996	0.864607207565	0.868531358873	0.851257043475	0.845451543612	0.0	0.863189911493	0.864370402429	0.873014144395	0.867647121333	0.872706716354	0.874033924539	0.852494665673	0.862376303291	0.860304759677	0.874798604777	0.816416314977	0.859678540598	0.860842910501	0.85976669501	0.857670183952	0.849385680507	0.864080871651	0.863966933668	0.875649560851	0.852875222707	0.903011305454	0.803010290913	0.861056478484	0.857882932457	0.862508230819	0.880937641384	0.85234588124	0.873188587721	0.84576235065	0.864649514011	0.868029382942	0.859642402592	0.876711774691	0.866484966182	0.90680590215	0.873386603798	0.871876236089	0.852339396951	0.856645796652	0.853179045919	0.857772822107	0.856839406916	0.857208831438	0.837747646855	0.866529576384	0.854236200066	0.84831413013	0.853437330513	0.909655465037	0.865832304704	0.861850611097	0.863667082831	0.877327609582	0.904390994071	0.859145669888	0.840470715955	0.89738644229	0.857437471825	0.90752816258	0.904726835157	0.858595476764	0.831294648081	0.906327813107	0.865235336486	0.887070981239	0.872517364064	0.897475733605	0.815178379655	0.86143148656	0.910832391172	0.856544623435	0.9082252291	0.906615426833	0.907613284973	0.911556744442	0.907685703811	0.905657484531	0.906216249258	0.900816560052	0.904999553021	0.90561282647	0.907117743079	0.8988743042	0.903296157909	0.907423597572	0.863844961855	0.854127670491	0.854870677696	0.864263364431	0.836270813013	0.857462472167	0.880742296587	0.869671125149	0.841509905839	0.850629250592	0.904429177549	0.850175583353	0.851156675879	0.851874743	0.854168560363	0.859688333666	0.858547635757	0.857131466914	0.862104279015	0.872291172624	0.908011850739	0.907822446645	0.908660616455	0.862048023274	0.846242345991	0.812958514524	0.857545387373	0.861094972874	0.901377336084	0.823126573708	0.838817964102	0.866869846288	0.861301542661	0.856416847621	0.840394474229	0.860030449237	0.831767630415	0.815743594676	0.909249077132	0.901158794382	0.869292881132	0.854059262938	0.816169028123	0.757185427098	0.848990952423
42	0.888186411767	0.879716930286	0.840576088753	0.892150175024	0.843026540242	0.876149459304	0.863189911493	0.0	0.78031082967	0.858752329414	0.840516127246	0.84213217641	0.853537584107	0.88731970943	0.893953495317	0.882931374621	0.891614459717	0.874722943792	0.847386252915	0.894464182656	0.890936709262	0.838714808325	0.849686727557	0.865929104284	0.861346259915	0.895615094832	0.852461801655	0.90221095849	0.882073981311	0.834048659082	0.848334264142	0.826399263536	0.857890539935	0.836480699093	0.843535737307	0.831462508811	0.843105208268	0.857622918086	0.845282987654	0.858929719887	0.835191452264	0.9064504311	0.898909259542	0.854756092884	0.879811915523	0.875484519386	0.844688099385	0.885033950658	0.838469265639	0.832181432466	0.841357620436	0.844439282329	0.873685909942	0.884312561951	0.837898421019	0.915407743221	0.896096028669	0.874448421987	0.887004330225	0.870745036535	0.906940255206	0.87502337483	0.880773550089	0.908208285085	0.846043659623	0.917219022701	0.918075737798	0.776339529993	0.899299911302	0.907999954462	0.898461209112	0.870904077702	0.864825422953	0.895357406844	0.877130057403	0.894896871259	0.911963613099	0.884814457927	0.920450223235	0.925602763821	0.912707554434	0.921715357925	0.907045962047	0.913473490259	0.905485761137	0.908141994446	0.915967634535	0.910485056526	0.912608597303	0.904898138165	0.904238005478	0.910442282589	0.888154361992	0.86883225934	0.889761022782	0.889056887599	0.856337724627	0.893372981158	0.848746788372	0.888822589706	0.879263734686	0.868235334611	0.907851094032	0.883061072622	0.866044367176	0.890744341283	0.888029931668	0.844433800762	0.898508412426	0.900872474084	0.897652585103	0.857916408114	0.909742028243	0.908658166269	0.909930051907	0.839810269083	0.868128736554	0.822923576761	0.856246334216	0.885370674901	0.907628185189	0.87970832577	0.855042571359	0.885531783385	0.87789174859	0.899786817359	0.887991162339	0.895404989323	0.880567040356	0.885842898789	0.917643226792	0.904317391442	0.885533017931	0.838225694552	0.878972343348	0.84230378969	0.832224837858
41	0.898034953995	0.886862553968	0.837461871558	0.900900369842	0.845525217478	0.88879097696	0.864370402429	0.78031082967	0.0	0.866035460987	0.842454920991	0.858073741813	0.852931675342	0.893682340138	0.898163697608	0.89314238697	0.90299424591	0.881712003356	0.854579201627	0.904244626638	0.894096911634	0.847190262804	0.848208471765	0.875822115897	0.872612903331	0.901860674129	0.868573254328	0.912740241616	0.871071252472	0.840571703906	0.849663840633	0.8258278291	0.869400709928	0.836781566026	0.850843589914	0.831760004948	0.843375343002	0.85892073285	0.848941175812	0.85971547877	0.831065414819	0.910244141985	0.904617436138	0.864155834389	0.886232845739	0.893158627991	0.853696757539	0.891791128988	0.836902481049	0.836247641067	0.842726294318	0.847212324264	0.885300806763	0.88386761226	0.848410714923	0.925022761543	0.893953093821	0.887761413074	0.895332987727	0.882757472158	0.911714241839	0.881881496582	0.88119292798	0.917077072521	0.8500256669	0.924990553835	0.928794350113	0.661862611092	0.904540744366	0.912993508932	0.910687274058	0.870991337126	0.874022992294	0.897009083113	0.889062394928	0.894320521206	0.920623418715	0.901378667593	0.927247047065	0.931428714489	0.918274420289	0.930308347867	0.91818078933	0.919299617438	0.914027813771	0.919794982219	0.923022448753	0.918064180631	0.923064659361	0.912114008993	0.912178092728	0.920717002389	0.89430429419	0.871190758041	0.895987236989	0.899593589101	0.867058269474	0.897235229449	0.851815346901	0.897559977526	0.88401986605	0.876540119669	0.915008698993	0.890612203477	0.882365868944	0.907908033594	0.889901507081	0.857391065005	0.909044999008	0.902776984972	0.903729194242	0.854186223377	0.914107948408	0.915886304896	0.923553770797	0.849452033684	0.879915929467	0.808931775915	0.855703041416	0.88991985268	0.918992791787	0.871453828707	0.868955500421	0.900785594401	0.888336999146	0.910527479774	0.890475904753	0.900688886961	0.874955148576	0.897857715719	0.925667651735	0.913192133866	0.895979566687	0.83777991947	0.889356962749	0.838861880968	0.838846810165
29	0.869731490729	0.86587226732	0.804350188862	0.87662865557	0.818090521659	0.877351103005	0.873014144395	0.858752329414	0.866035460987	0.0	0.824105849436	0.758893391688	0.785619520524	0.859496159805	0.867112361103	0.872891967539	0.88351522587	0.86372066694	0.796147465583	0.883265733465	0.875665133089	0.797211243484	0.825121235163	0.84948702057	0.87291863564	0.886135280674	0.835483152281	0.915247896835	0.876293542485	0.810651064068	0.816587889039	0.810736017846	0.809224365708	0.825376293615	0.811470128899	0.828136238552	0.797508319883	0.817520775806	0.813142759671	0.803243502597	0.811656649314	0.909492935471	0.872677002483	0.749913504379	0.869510962653	0.883494313987	0.810005563969	0.877195534075	0.805613983032	0.80534711768	0.832631836868	0.832281930718	0.865427950531	0.851635252433	0.81338577382	0.927583162276	0.882238467462	0.861858092683	0.885784225026	0.859983563918	0.920198033371	0.8671818355	0.867616732778	0.924286684536	0.812222845091	0.924791313276	0.926509213538	0.856001109461	0.883203334492	0.919242498802	0.885539690409	0.789400699251	0.794871226409	0.890142109746	0.865070750185	0.881934000728	0.922998132222	0.883654100395	0.929679127454	0.934292282073	0.916916027255	0.937207370284	0.921919687531	0.923958806681	0.919515843244	0.925953729515	0.925730927069	0.928709003446	0.925434226044	0.918676514385	0.918255079868	0.922495474694	0.888480035876	0.86852255928	0.885174946972	0.876438670134	0.862865730473	0.878629269878	0.807980729086	0.877390407879	0.864290261455	0.872254330496	0.923575023085	0.880548318559	0.872984726848	0.90739277962	0.871223169862	0.732498277639	0.898610754715	0.880243701028	0.884815659744	0.759205367807	0.923830850762	0.921131785063	0.926360143302	0.792832829952	0.860288987053	0.841423931136	0.759565039809	0.875319818976	0.923057341586	0.858308866241	0.842115723096	0.880102733634	0.871510528807	0.886279081439	0.870195345162	0.886079888646	0.85149567311	0.890001527299	0.926987531424	0.918697571185	0.878706310487	0.800766084511	0.875719025958	0.858531401537	0.812420822933
117	0.863470880355	0.871183465332	0.745218451135	0.874366190525	0.749934791116	0.865226964611	0.867647121333	0.840516127246	0.842454920991	0.824105849436	0.0	0.818200691595	0.759944360407	0.863822286767	0.875563538846	0.874737560492	0.880518110714	0.86199000751	0.752717560564	0.877178630991	0.867602709075	0.747818408467	0.742360822814	0.868736485193	0.852767844467	0.877056191075	0.850017078892	0.902465778152	0.859284522133	0.722475480118	0.735800105445	0.739879946962	0.833281434189	0.760857664119	0.750287335792	0.73800458612	0.749464284476	0.739311934876	0.755880291469	0.735048320464	0.712692970448	0.899431351489	0.871851146289	0.811639460261	0.868175949871	0.87040695552	0.748197219449	0.871275116184	0.738478573993	0.734090563661	0.74205221296	0.728794314374	0.863385174547	0.849916197889	0.735101743959	0.917076783168	0.875456784803	0.861576731895	0.874426792601	0.860003825852	0.901808426532	0.859984887527	0.863891818593	0.912936379329	0.726625983808	0.908341074904	0.916485416171	0.830360677689	0.877007270482	0.901085654889	0.881481012103	0.770019837491	0.771049787796	0.881974764759	0.869581688145	0.875887447805	0.912159842653	0.878826730749	0.91579303816	0.921088876998	0.903330573752	0.92250615839	0.906406813711	0.908460132685	0.905768834007	0.915371848856	0.912712967926	0.914198953473	0.907921106039	0.904410553188	0.905885976308	0.906346133951	0.875664330074	0.858103398444	0.88342609568	0.871543552006	0.847908549628	0.876395100766	0.735950347447	0.872822955279	0.866466387247	0.859185701363	0.908661229843	0.872418573844	0.868328015709	0.887867248233	0.871950474289	0.814086501517	0.892660821347	0.884101601693	0.879324610632	0.814311320071	0.907231282877	0.906476858465	0.913152967991	0.745813339657	0.859219740398	0.824027447936	0.818149805476	0.871384152915	0.910563655416	0.863269780903	0.838614452463	0.874477857049	0.865363663989	0.890340019798	0.86637145042	0.883655102841	0.855493930877	0.885576124848	0.910540939698	0.902387950108	0.872804192059	0.736679585501	0.871285709059	0.841714095208	0.736660664531
35	0.870891385466	0.861619343517	0.804072161035	0.876797466646	0.821748517746	0.863688172643	0.872706716354	0.84213217641	0.858073741813	0.758893391688	0.818200691595	0.0	0.798832897574	0.851359284818	0.870111739896	0.866049422298	0.875547655327	0.859415665598	0.815299370749	0.875210438713	0.872173445156	0.79210713269	0.833332872502	0.843006781496	0.850457157481	0.875656591274	0.833762926109	0.899299945833	0.875530906196	0.817582286093	0.818026021244	0.809814744964	0.822727622782	0.837538834747	0.812995598649	0.832965875823	0.803303178691	0.826895166563	0.817406176636	0.811067290679	0.810772073071	0.896282310492	0.870467245875	0.735240597069	0.865826400963	0.875438616392	0.813175383679	0.868127264488	0.809295113907	0.814598469767	0.833094746996	0.830195076397	0.857568790867	0.851436561595	0.818530830005	0.916527602628	0.871091433398	0.861636168399	0.874106260488	0.847847816567	0.904032953549	0.855252356432	0.858598681804	0.912677959273	0.818223864891	0.912502967718	0.914250057962	0.84446830696	0.885910452671	0.904000780728	0.883782954669	0.803208663905	0.816246971682	0.876506353476	0.865717458161	0.877908944742	0.913397985315	0.880175907923	0.918046742168	0.923491477176	0.900504216224	0.922330070467	0.908872314053	0.908559406969	0.902430751101	0.914335075203	0.911586069195	0.912399089378	0.909283478841	0.902007166449	0.907424507968	0.906709235043	0.87643743852	0.852545583734	0.88441172329	0.86636127109	0.843753453985	0.874653224638	0.805368158083	0.869038921986	0.863057074051	0.846960321243	0.908337389151	0.873337543828	0.860042015113	0.896917762298	0.870222549602	0.747395741863	0.894019612763	0.879921149049	0.88382506053	0.74308280048	0.907464843594	0.909206048278	0.912447817435	0.799891012086	0.857700676327	0.828878179546	0.750718763718	0.87005537164	0.90949676769	0.852493535962	0.838237352098	0.871209037009	0.859659579164	0.888553739988	0.865394804287	0.882060635632	0.849915599598	0.891294892036	0.911887283612	0.905901497127	0.870294473111	0.817964258835	0.871818433531	0.856822865283	0.807547677877
109	0.864443865432	0.864598762479	0.739999651507	0.86769264462	0.752361218277	0.862318945507	0.874033924539	0.853537584107	0.852931675342	0.785619520524	0.759944360407	0.798832897574	0.0	0.856413326218	0.857817325766	0.861874019838	0.866578121289	0.849542401369	0.74657147409	0.868095982105	0.859620625578	0.733131389955	0.768813750987	0.862236446364	0.860185588922	0.866338440399	0.841900090153	0.904035027674	0.861939904669	0.752836530886	0.739664120525	0.739339289077	0.838677020335	0.778758961467	0.750703412336	0.764342112988	0.735230338725	0.746272927773	0.749463538513	0.73188701603	0.743774178964	0.90749567877	0.860664630372	0.793603109551	0.854865837674	0.861135757194	0.735883197601	0.867303199544	0.733288524952	0.74746210229	0.770141490685	0.754758208425	0.861478257107	0.832071673878	0.757112826514	0.918627431646	0.862766777673	0.856431792954	0.869424933777	0.857610734292	0.909638849659	0.85536194421	0.848574436158	0.916500104344	0.728624363559	0.908749453263	0.916393201452	0.84282563522	0.867209186461	0.90653726884	0.873444974386	0.725039251102	0.717257418333	0.876134412132	0.866632800648	0.865554849034	0.917554266789	0.87489314602	0.919966091924	0.923874999303	0.907238211026	0.926268379534	0.91263964088	0.910363777885	0.910299026101	0.917300801347	0.916012734419	0.917813053399	0.913278432704	0.908241412328	0.912001318869	0.910610582623	0.87021662477	0.856970914753	0.871789870501	0.867345871866	0.851555993023	0.860891724379	0.720694774279	0.866105818435	0.854756303118	0.855343788903	0.916301521449	0.869336380311	0.8667900749	0.890735720055	0.85625710113	0.788122579631	0.886993863482	0.871022280339	0.868538282928	0.796822316965	0.911115595042	0.909097097606	0.917936144054	0.716051829467	0.849222200268	0.833925831043	0.791112888266	0.866291361561	0.914714323775	0.848972244173	0.822033869081	0.866972523416	0.865911057718	0.876161448559	0.854588126782	0.873932171353	0.840864026616	0.885416540455	0.91447033979	0.910440316919	0.864512328792	0.749222977805	0.861399826422	0.855639241773	0.745911989765
69	0.810397696159	0.816551259382	0.876415465737	0.823456521697	0.868469536804	0.747457308072	0.852494665673	0.88731970943	0.893682340138	0.859496159805	0.863822286767	0.851359284818	0.856413326218	0.0	0.801749347241	0.811489212119	0.811965210003	0.800332528799	0.868865898507	0.817934719002	0.807072458141	0.86825077862	0.870263546992	0.839673890144	0.820490724177	0.804377639347	0.834838413923	0.869742089521	0.821208411216	0.873560014543	0.862096192841	0.87419672353	0.87682762162	0.878069826276	0.875373120901	0.872608569081	0.869457413602	0.864443783181	0.870260043621	0.865886156185	0.858109564017	0.870901608086	0.786218921533	0.855262703035	0.815657073163	0.822834905962	0.857855929762	0.806740140843	0.863653893995	0.865462423105	0.864802882333	0.877110758976	0.807135434134	0.766230886061	0.874063688995	0.881069765713	0.806311673217	0.834860366111	0.797626092471	0.817092058017	0.874093755817	0.791039436115	0.796123039922	0.885353121822	0.861857433882	0.873785517821	0.887700042754	0.882056450706	0.822042703082	0.873908815905	0.805626009799	0.860666131684	0.847697676395	0.850440476527	0.807874252393	0.825603670763	0.884911434044	0.820737614028	0.884128329313	0.889070435	0.868023226731	0.895397960418	0.882295281391	0.873970823089	0.874884374301	0.889021017567	0.876734139616	0.887856477584	0.872566140436	0.878651056009	0.880535694429	0.884731488619	0.815417696603	0.827823665592	0.821014377647	0.799929530721	0.802931363396	0.8120297592	0.86000257705	0.797525248663	0.809371734831	0.805227704797	0.887901324889	0.810646016501	0.811107286652	0.838004383211	0.806967049286	0.857847531852	0.834287542109	0.803012443499	0.82074678248	0.862426133844	0.874707384401	0.871773821679	0.885251239647	0.854190207763	0.814115436741	0.850638893841	0.848419377694	0.807416592313	0.877097801138	0.812438271945	0.788415402248	0.798659816519	0.805361664001	0.82449553469	0.799147376663	0.814551191423	0.81070474896	0.838603743718	0.879289599416	0.875827577712	0.824294595184	0.869854187194	0.821266194484	0.838335567862	0.868737717297
28	0.788034255395	0.769807485943	0.880705601498	0.765615560837	0.878688606457	0.818741612038	0.862376303291	0.893953495317	0.898163697608	0.867112361103	0.875563538846	0.870111739896	0.857817325766	0.801749347241	0.0	0.767817507653	0.770709866589	0.826643417818	0.871806874757	0.782359256762	0.755509229766	0.871007231158	0.880465407416	0.832803353588	0.859569287307	0.771495439753	0.822424559656	0.872855615815	0.849222415201	0.878805522042	0.863192419637	0.882534174845	0.889149816242	0.883047211874	0.880272906812	0.882422617811	0.879365146436	0.875383443982	0.870654861886	0.873420199468	0.871873032394	0.880692846403	0.813944471839	0.861643854661	0.753436838709	0.781071810755	0.867126869238	0.770112279491	0.873517516538	0.875116532372	0.872290799009	0.881141278606	0.76553629538	0.796811598512	0.873859241298	0.885517648759	0.768536711247	0.799398477203	0.746280446959	0.827594454113	0.891335452611	0.817745321895	0.805524600768	0.898235688127	0.865328881052	0.878509084038	0.890546135295	0.882772363585	0.776491240062	0.890669137731	0.765769988358	0.859393509818	0.855825368012	0.855037879022	0.788161484356	0.789999498346	0.891660711021	0.792895091993	0.884908528009	0.897715434395	0.872833973309	0.911457326186	0.888648730556	0.885512231288	0.885627849902	0.900515918887	0.879760069146	0.902279389716	0.883757779889	0.889075474388	0.888629023236	0.890957404951	0.76104693282	0.792803356388	0.76160408101	0.749634973209	0.822299365893	0.768712153071	0.875598938997	0.76131579311	0.740235645526	0.77921155916	0.900466797463	0.76788741502	0.767854766646	0.842292533672	0.751296383383	0.863621853963	0.831227205119	0.741793142706	0.78767502644	0.875556614168	0.890425205376	0.883996959761	0.896050751203	0.871551210136	0.773757451196	0.866997533341	0.843799402925	0.765739779354	0.884251931014	0.809747372641	0.799177115181	0.781439376535	0.785332462873	0.791089895889	0.749611258712	0.809696463698	0.803299757795	0.845156240629	0.882543506703	0.882828608929	0.768116141195	0.873643900726	0.785844378378	0.86252031291	0.872029942088
26	0.806550785343	0.751578932653	0.882406165149	0.775474280615	0.879381256071	0.825777105898	0.860304759677	0.882931374621	0.89314238697	0.872891967539	0.874737560492	0.866049422298	0.861874019838	0.811489212119	0.767817507653	0.0	0.758009327137	0.813872666096	0.869601318617	0.789094860723	0.766570295644	0.877715387424	0.886810476992	0.843713853737	0.835423953063	0.769350414039	0.819619411252	0.854610568959	0.850734859937	0.877542360143	0.872542424176	0.884809440284	0.895053102086	0.883370456011	0.882967321788	0.880504437152	0.882458063435	0.880016455797	0.873803008488	0.883421341313	0.871166056356	0.86484310563	0.815422409153	0.867096556582	0.76359157478	0.770216613417	0.868676178737	0.77567697738	0.87512499571	0.872730922361	0.879322396468	0.879457498126	0.773140324877	0.824444899209	0.877873739208	0.86692718373	0.752061026096	0.815071526022	0.764626684151	0.824287736965	0.871705906386	0.807684547958	0.802729603242	0.871393159316	0.872389367301	0.857534070934	0.86891566084	0.879982146922	0.816176667849	0.872294124881	0.780104084663	0.869635598622	0.864453789643	0.835596537674	0.793781792611	0.773576793813	0.87647133609	0.726566197623	0.863706580417	0.872643240864	0.85602734073	0.893279318029	0.859452303782	0.860595308518	0.866897519944	0.873833298193	0.853632393093	0.882187250667	0.859599646546	0.863587175497	0.869876447373	0.862996763639	0.773527029759	0.793462993304	0.757878037772	0.744728664069	0.809801723672	0.760497214622	0.879575637907	0.760005552395	0.751615737627	0.782781980844	0.87929591193	0.779389343844	0.771120606074	0.845413115939	0.771019085165	0.871474542938	0.830311255273	0.779400662635	0.803265822874	0.876567527993	0.872164111724	0.860347365588	0.870011627963	0.872897095185	0.786980882952	0.85965940527	0.836018313867	0.780702262509	0.851298445084	0.80983058532	0.802635420062	0.753020163391	0.778173229721	0.791032535969	0.763683716337	0.812236940297	0.805751859302	0.834814529299	0.861572014244	0.863395130488	0.779597982025	0.879017585116	0.79239095512	0.863076394723	0.878012881804
88	0.809743953317	0.780056760436	0.889730427388	0.794902042542	0.891504324786	0.822146328284	0.874798604777	0.891614459717	0.90299424591	0.88351522587	0.880518110714	0.875547655327	0.866578121289	0.811965210003	0.770709866589	0.758009327137	0.0	0.832078090025	0.880231911573	0.754321088886	0.773704668084	0.88603409878	0.894165005241	0.84205330072	0.844702622357	0.734570922361	0.83607589846	0.852029061763	0.863724911549	0.888287924168	0.875699598054	0.894537865874	0.898534954362	0.894790275614	0.8910722336	0.889415967433	0.891846954744	0.883551982094	0.88357010825	0.884299508309	0.878454378749	0.865640682524	0.816762340358	0.87835184296	0.780447984758	0.755658665026	0.878216534436	0.783630437382	0.884464157256	0.883450426211	0.889315815493	0.886777959261	0.778549353524	0.817123742485	0.88658859315	0.877115848301	0.720713726899	0.808544598094	0.759582994091	0.829082121179	0.876407280218	0.811750894766	0.820498854231	0.881637397496	0.877392545722	0.860858997061	0.876774124613	0.890285576378	0.81295658996	0.873267302994	0.771905508456	0.869830112794	0.864916956624	0.838664751833	0.82247866854	0.785127733364	0.878988491416	0.779894665616	0.869583700408	0.881743011986	0.858104325941	0.895552721671	0.871159248139	0.865909732266	0.873310173179	0.88411210098	0.861888423163	0.884606414274	0.863621458862	0.872208840753	0.873552947928	0.870879448339	0.766364159232	0.813424283733	0.76552580414	0.774947770328	0.83031629882	0.751145041109	0.87856933387	0.774726808114	0.775243058527	0.79300332887	0.884425514655	0.782621603272	0.776834506103	0.829187594236	0.783497403853	0.882913170525	0.820823811468	0.786876008379	0.786015946852	0.888498898125	0.874126335894	0.863105234635	0.876134371139	0.885484490942	0.77534610082	0.86818096103	0.848877161062	0.790386183107	0.865193451351	0.831458807209	0.802603076734	0.728572630247	0.799565443056	0.779801689597	0.786243635835	0.809877238382	0.826280885666	0.841862579278	0.868140629877	0.86664410228	0.752565538063	0.886513281759	0.815828826686	0.873929442051	0.886816247332
74	0.816383492468	0.804173188305	0.861003694284	0.826131277783	0.849171339684	0.788902221416	0.816416314977	0.874722943792	0.881712003356	0.86372066694	0.86199000751	0.859415665598	0.849542401369	0.800332528799	0.826643417818	0.813872666096	0.832078090025	0.0	0.848593525383	0.84236226631	0.810316441273	0.855754885024	0.846841922133	0.859066717889	0.832616134889	0.823928883625	0.84021295685	0.880913610319	0.723758961152	0.857742151732	0.846347444796	0.863988458141	0.878894260694	0.86256459166	0.862400289262	0.850324200262	0.863105852388	0.856681727952	0.854765653249	0.861302860324	0.855365417059	0.88520451634	0.802131746984	0.86148820015	0.8194652682	0.834903946274	0.842212122599	0.821103928269	0.852714673417	0.848867563039	0.841488327585	0.862295462041	0.831090996377	0.790027020442	0.854927533171	0.889067569025	0.814922609834	0.833150328356	0.827623918716	0.818325366457	0.88913421676	0.799694127855	0.731737356543	0.889113369767	0.846720024445	0.882815931959	0.889873197171	0.868187035827	0.825745145204	0.88705490376	0.825113268985	0.860267974619	0.837002180139	0.868556660971	0.797038477087	0.821692422393	0.893981102666	0.816395927813	0.885322570299	0.893236027047	0.886761207675	0.904823355344	0.878417533961	0.879193822325	0.886690981669	0.88472594231	0.880291945679	0.893187757852	0.884594697066	0.882361369724	0.884524927381	0.884533017208	0.844097415174	0.82422069393	0.81565884499	0.81159674457	0.765684330888	0.824021913832	0.861210389563	0.81524139443	0.793878966655	0.815843022862	0.893406663432	0.820003562854	0.831539335761	0.865206599373	0.816699530247	0.855274377731	0.858842297356	0.819517920947	0.842414481958	0.861510674208	0.888561912776	0.882105599	0.891712145617	0.846598582306	0.813859736373	0.840833078234	0.842987499951	0.826140523909	0.880113846305	0.731086753834	0.76131082056	0.820203767892	0.816455973458	0.832728101181	0.791537692462	0.844736418582	0.732470492391	0.847726855477	0.888347120187	0.882388860253	0.84245979744	0.847596809508	0.812883987779	0.810227688645	0.844195408532
6	0.862048773874	0.87011427181	0.709973136254	0.877480803296	0.720264653827	0.866453644628	0.859678540598	0.847386252915	0.854579201627	0.796147465583	0.752717560564	0.815299370749	0.74657147409	0.868865898507	0.871806874757	0.869601318617	0.880231911573	0.848593525383	0.0	0.877697366981	0.86426250326	0.717906556066	0.716227465824	0.878018338746	0.867421110084	0.882633864978	0.857815617882	0.907406612526	0.85477746011	0.725278670832	0.718888233107	0.725149599252	0.836109078655	0.743723194135	0.710956884158	0.742837261013	0.713911187396	0.72224313766	0.713810280944	0.734001261825	0.747462613468	0.915925944542	0.870799754075	0.804748384868	0.863069564346	0.874185909664	0.727016461934	0.868863392807	0.702103188946	0.739240874747	0.724891213546	0.732775067645	0.871498490158	0.854473281872	0.707526697927	0.921241202019	0.878254667847	0.861219484827	0.877212175362	0.864921198628	0.917658122233	0.869696530969	0.850211446487	0.921097001928	0.709050483871	0.916062437393	0.920233819074	0.843838527669	0.867913780664	0.916043674523	0.878183626856	0.760682832051	0.744819737154	0.889231635569	0.860970719171	0.87691437082	0.918962890263	0.883338576721	0.923649493787	0.927469655093	0.916713073205	0.930535332603	0.91594766372	0.914952718156	0.916988120604	0.922413422245	0.9216627979	0.922144202012	0.918643039176	0.916112268058	0.915871536054	0.916710455467	0.881537498478	0.867452465644	0.876278715153	0.875525765357	0.860422787385	0.874370197679	0.756114891981	0.875606142975	0.862042675714	0.86446303146	0.921827025004	0.875973635478	0.87079681552	0.89074271976	0.865718471147	0.797449313602	0.890414129691	0.874885517156	0.876829821667	0.808974723239	0.920400172021	0.913971101254	0.920504161714	0.722065717269	0.859709103905	0.841731939833	0.817472693327	0.874693142249	0.917732748827	0.851390400581	0.841494969035	0.873875209025	0.876887762736	0.878392186262	0.859335985032	0.880495445661	0.846825984631	0.880523979366	0.918798217339	0.917088764565	0.87384576019	0.710695214743	0.864198855525	0.840273598991	0.714065035299
