	87	44	103	16	115	92	37	42	41	29	117	35	109	69	28	26	88	74	6	43	56	107	2	84	82	46	54	cps178	73	105	113	108	34	11	101	99	9	10	100	3	1	cps184	89	36	47	22	13	81	5	111	106	104	53	90	12	cps190	60	45	25	91	cps192	93	75	cps174	112	cps201	cps188	40	64	cps195	24	4	98	67	85	15	cps191	23	cps189	cps196	cps182	cps177	cps180	cps179	cps185	cps173	cps199	cps176	cps197	cps172	cps186	cps187	55	27	19	18	68	58	116	21	80	49	cps175	48	61	76	65	33	78	59	62	30	cps193	cps202	cps194	110	57	39	32	51	cps200	94	72	20	52	86	50	77	71	79	cps198	cps183	17	114	66	38	102
87	0.0	0.53976033023	0.598093512613	0.387019189533	0.52782253566	0.481502354562	0.550176425627	0.66500878582	0.668487455897	0.603650094423	0.488552715081	0.607305379608	0.542207590415	0.432116030717	0.466289930842	0.448842815035	0.439740508054	0.520123182708	0.594202608587	0.528627910427	0.421711626509	0.576261972844	0.522401004855	0.645219808697	0.571658600855	0.396412374182	0.640992935911	0.477482678261	0.539733332773	0.529173188428	0.529358774698	0.562315648492	0.603326141088	0.566856806135	0.613370647488	0.435686854186	0.597637605097	0.54231801662	0.585371060537	0.527435331144	0.491772134185	0.459974460712	0.414148500442	0.58652423056	0.49029395682	0.565492484424	0.561678448955	0.385547661399	0.585355153649	0.44168015057	0.591942950436	0.551077369679	0.437410858667	0.492379886571	0.606096131854	0.517138900575	0.419013837042	0.460281877451	0.39345562209	0.501600174656	0.513410387372	0.521460019298	0.521538629746	0.481588986307	0.557601446645	0.465651115099	0.497223433088	0.652333590158	0.479926298727	0.493903962526	0.343103230751	0.58929475408	0.526978667085	0.47672742145	0.545956175327	0.393501656109	0.516274137461	0.472285718293	0.529556836719	0.522433161549	0.449173791341	0.551267670568	0.516070644889	0.500157603579	0.476287922055	0.49641266639	0.508768012473	0.545313694535	0.467724660222	0.500577112093	0.478329136669	0.481119219022	0.470202270594	0.510979663346	0.505067971613	0.464233154342	0.523248343405	0.489888284779	0.513102659229	0.46042388202	0.486426368673	0.571773589293	0.513656716952	0.441457424131	0.506037119949	0.640227093475	0.462647380116	0.585711794296	0.57608086207	0.38965330617	0.476009674502	0.581945603032	0.499608483593	0.478532020461	0.487122465902	0.548241573909	0.518568613974	0.57296563635	0.53913450819	0.439027048909	0.535721707449	0.599913473035	0.516234470094	0.414148349764	0.433896600997	0.486163406566	0.459908911664	0.559013811046	0.585182375693	0.506652036303	0.506662998761	0.473668711203	0.440992603126	0.512711682083	0.565100108374	0.58206757631	0.547200513476
44	0.53976033023	0.0	0.566268811294	0.415152206609	0.557787557182	0.603669807974	0.635788153709	0.655520843707	0.668965725131	0.570876849259	0.553181258425	0.579928857777	0.520642535401	0.522920521061	0.414794225096	0.347891530695	0.443455214763	0.521992459678	0.567338175265	0.504152614146	0.476254540352	0.570863832329	0.595721611943	0.586354080939	0.608913953856	0.416975623991	0.615823232339	0.58493248838	0.648677349297	0.554617048439	0.558417587628	0.564365577679	0.607104199752	0.593342719108	0.587435130536	0.605570157906	0.581553826335	0.55944970634	0.576341847382	0.528616450031	0.551413287195	0.584952779217	0.467341108754	0.540276446643	0.3509306219	0.557478893601	0.535519125304	0.406559529566	0.563379179837	0.552769557063	0.643758358204	0.614205949895	0.398714171433	0.541929734277	0.58722020015	0.602316411636	0.391088461329	0.500764716217	0.445308482755	0.445005398881	0.60508609316	0.462267793561	0.537742115889	0.58767762674	0.574560991387	0.594592967948	0.592872856503	0.665338231267	0.556724306317	0.611962583522	0.437381930003	0.523867068416	0.503907987606	0.515582365877	0.457637755455	0.447508653097	0.632706811074	0.378294516299	0.6047760098	0.61753683791	0.564825063327	0.660565099397	0.585176844887	0.592883679656	0.592152913851	0.576000993251	0.606224307022	0.642058596111	0.604837616058	0.592731350869	0.580815208083	0.551879559814	0.461372655773	0.36900636678	0.517231673137	0.317234414286	0.45094076851	0.441954086932	0.536412189451	0.378852042342	0.378104176252	0.389480972433	0.61915241631	0.408979378503	0.512838515304	0.797570023638	0.507617066182	0.580615153135	0.65677803458	0.300220989435	0.40457780398	0.583499525975	0.605228151821	0.590887454194	0.595510364431	0.544303064712	0.573329194348	0.659599286287	0.417623272208	0.330752316982	0.587760036297	0.538535207653	0.476335162327	0.391907601894	0.409403044866	0.480047759086	0.410434961362	0.562375741261	0.499596564683	0.579788196386	0.615563633388	0.593259323433	0.482901150784	0.585904566277	0.623912304197	0.690908074107	0.567636453055
103	0.598093512613	0.566268811294	0.0	0.560976637474	0.294511082083	0.674390944689	0.545553978659	0.500855771429	0.484065106657	0.407172413148	0.341751532299	0.417778898973	0.267302779174	0.605550442072	0.520131446713	0.618697553277	0.598058452518	0.566838501683	0.219775408241	0.560853100607	0.587541899334	0.17742194345	0.320787216639	0.683655720933	0.69975420314	0.581242078409	0.621229404342	0.614182124377	0.541117642771	0.244622070914	0.255277413712	0.285816858629	0.474241247075	0.342999921007	0.209905991995	0.384670176057	0.210025218766	0.262807764596	0.202957916436	0.217914640185	0.309210242183	0.57737930799	0.569100746576	0.385779253732	0.537533308467	0.605393103195	0.21220657542	0.530930281386	0.195711721244	0.329361406985	0.328869805139	0.336648183561	0.492038583996	0.601727988262	0.202005683876	0.660773231799	0.532652265387	0.644469594204	0.610212485955	0.446552889548	0.624072709349	0.604607873614	0.597820905921	0.623439105668	0.221260343744	0.648052579491	0.63119241892	0.543325613928	0.59682141443	0.59912706316	0.58162496107	0.280738371134	0.365669449614	0.548193904738	0.516666057874	0.581092472895	0.661799718818	0.630731730491	0.66359897692	0.686876521836	0.603850551927	0.691876239309	0.625987556073	0.650972399376	0.60717130971	0.616888876107	0.652558186849	0.672652499575	0.644379717441	0.637456730514	0.607326087338	0.604363415099	0.557421304801	0.488960090541	0.63967578684	0.540868357025	0.533545104611	0.584285068402	0.304096405748	0.6346381959	0.597698303299	0.536650428216	0.647604097488	0.467281905172	0.542966498944	0.822750732898	0.586498993414	0.447760044177	0.719627801621	0.561283508663	0.545918953031	0.405433513433	0.630803103062	0.629642507283	0.627975020704	0.246943166618	0.694822844666	0.499413778704	0.453102176081	0.539311720304	0.675162631881	0.589447795139	0.535105197446	0.551030810594	0.592619349391	0.648050793749	0.570886727898	0.703789221858	0.588838044342	0.614669979205	0.653188319436	0.617892378659	0.618640167366	0.265175079759	0.719926689805	0.573041036725	0.239760728246
16	0.387019189533	0.415152206609	0.560976637474	0.0	0.523388310322	0.515287609356	0.525176267064	0.631590917844	0.631675879737	0.550161805384	0.503905914321	0.569704060149	0.511597068133	0.452204747298	0.356788677362	0.365872308715	0.398989233685	0.449757095135	0.574928215997	0.472649958728	0.386218492288	0.563770293015	0.543821890512	0.54917123979	0.538762234516	0.384173563913	0.563715632365	0.477695153662	0.519309998364	0.53116727702	0.521351034836	0.533835171932	0.574347375366	0.558563068606	0.572019516131	0.549116071462	0.560392438075	0.520474686118	0.547705320505	0.520293084838	0.510795732556	0.480949802224	0.432345127989	0.519776657422	0.416795507793	0.488093344817	0.530358368819	0.298015854038	0.549762008422	0.521628126096	0.586157936145	0.559023072704	0.317823472968	0.423442461276	0.585133660406	0.494541003576	0.354629186393	0.502803654905	0.343158922783	0.448049493494	0.517591420587	0.44575163134	0.492902521881	0.467381269152	0.547969108416	0.476319935335	0.485115737549	0.613184038251	0.465765855875	0.512584896991	0.289618004693	0.546638916211	0.491262721508	0.482646622392	0.466581618842	0.290936350897	0.513447752022	0.337492999311	0.509705442351	0.510481907791	0.442357991435	0.545285748109	0.505778506926	0.490550471486	0.474916663707	0.478833484111	0.510676801234	0.539716293796	0.484823261275	0.493101049445	0.468042545697	0.461626294059	0.364814165063	0.423986338749	0.434553305197	0.280708840606	0.441724156556	0.408836264974	0.497961177363	0.384733472177	0.392855661943	0.48699745884	0.505967092503	0.316970972393	0.393470083321	0.686578307942	0.387550186206	0.532517022583	0.567614569383	0.321357336557	0.441085402422	0.490882706822	0.50803650809	0.484681166007	0.48450036235	0.516258926051	0.535214544219	0.585903057248	0.452551662555	0.338698240629	0.52417387729	0.517166695326	0.434645996155	0.362926360037	0.33519188521	0.480274343626	0.369134425675	0.524374397156	0.497176618176	0.483206175939	0.510302210495	0.467656967002	0.390288383227	0.549600573609	0.539745870293	0.568592181313	0.53670882581
115	0.52782253566	0.557787557182	0.294511082083	0.523388310322	0.0	0.60362337172	0.53924567663	0.520329482939	0.469859964508	0.454546254689	0.283846861185	0.469744260076	0.313890883768	0.522721397278	0.521277967299	0.565263542836	0.560489879601	0.504280218321	0.326001239452	0.540751234252	0.52924223756	0.308050620056	0.262389491776	0.660852992736	0.655520598974	0.554571679665	0.631720398999	0.580136541726	0.502984059606	0.237061712292	0.289403160316	0.244949736126	0.45467103932	0.218486593469	0.314960708799	0.241820220257	0.310924138611	0.230795398472	0.309454048926	0.247613303981	0.236293588428	0.547145199647	0.53947443925	0.432978315034	0.505329611223	0.594957632833	0.30228962519	0.501998526114	0.288661936523	0.236913839672	0.301205969833	0.262480058653	0.501253701286	0.537583539454	0.371764500604	0.62462415111	0.503811613103	0.602981386879	0.558891067991	0.459351052082	0.588231872745	0.568366743978	0.552500371492	0.592668192915	0.286746225031	0.609570969631	0.601306106854	0.475019928544	0.507328569354	0.580148381704	0.537044787564	0.387321889853	0.344752889043	0.516949486039	0.502072160688	0.524789756879	0.622009881214	0.606638419677	0.63627115038	0.646377792075	0.57476897501	0.658934969582	0.595549064398	0.61115183096	0.572397455208	0.588047214465	0.628430153655	0.642106345679	0.60709915428	0.608075388319	0.574252304845	0.572394368032	0.567104013137	0.498348894233	0.603653736956	0.504916868355	0.535840651895	0.545551685998	0.305463178416	0.602435573777	0.543844508448	0.563924663236	0.615653851491	0.495882701329	0.568937037062	0.766042590017	0.504969413609	0.446125140643	0.674709607072	0.512668738077	0.536515163281	0.433694748836	0.592142644651	0.593784626991	0.58578049464	0.254876267968	0.638018321046	0.50827376254	0.462656964117	0.521634821992	0.641551694777	0.524518507071	0.486760870966	0.520851275735	0.554520848977	0.608585082677	0.499781789132	0.661802806886	0.523310532284	0.575262119944	0.623245969989	0.576306342339	0.577658887092	0.247319289601	0.633657295074	0.547287081586	0.251036092438
92	0.481502354562	0.603669807974	0.674390944689	0.515287609356	0.60362337172	0.0	0.608800063826	0.73537346522	0.732850306608	0.690137116595	0.585622032428	0.673074367764	0.617448301229	0.362571636858	0.559774512215	0.554253022586	0.533731198447	0.514120994006	0.676317249844	0.615173172833	0.565454173054	0.652830209308	0.608510217392	0.684618621991	0.436548381262	0.429443578477	0.693659783475	0.464810847335	0.602717848506	0.639817193764	0.608469067081	0.633158009172	0.580131578946	0.652887132507	0.683870812059	0.614515426713	0.673472072096	0.62208947439	0.654428212708	0.609846031949	0.610193858535	0.521815982651	0.441556955848	0.648009604406	0.598108741755	0.661365068152	0.618983395008	0.488267730322	0.652316376699	0.617142680329	0.651717251784	0.636562391322	0.549688550404	0.465092654123	0.687146430258	0.529867169198	0.488194886497	0.571630542875	0.485592672145	0.543042804647	0.515509556461	0.490356357967	0.513365674515	0.511729513875	0.634469837408	0.511393137048	0.530139205918	0.702744934722	0.596151981369	0.523140603192	0.438640581156	0.655872206388	0.549112783201	0.556628346668	0.603369384642	0.499159406197	0.528438519747	0.563350678652	0.510350971468	0.527130751232	0.472544804476	0.544238647219	0.510719053843	0.489067154305	0.521769713783	0.531888388465	0.510747018783	0.506364067338	0.490601891607	0.497408811698	0.48754933769	0.5312134958	0.573902062973	0.614808469264	0.62357249459	0.574437986317	0.543705860951	0.592880985915	0.5908656091	0.508595015306	0.573123270017	0.652513838525	0.510002570937	0.530824134775	0.605412786627	0.676875097275	0.594262834823	0.64596421487	0.58366294213	0.476817291474	0.582529749972	0.679283441036	0.503950576792	0.510880595035	0.513940849348	0.600387196429	0.622915574854	0.672587198224	0.608223617699	0.531227002716	0.517976931317	0.591465041021	0.576781724988	0.488470606681	0.441952781766	0.569138368267	0.553026506861	0.582087046587	0.582176005288	0.508352549459	0.517011595113	0.501038066804	0.5939010256	0.641489085804	0.64230254725	0.646504948594	0.626632513425
37	0.550176425627	0.635788153709	0.545553978659	0.525176267064	0.53924567663	0.608800063826	0.0	0.62666220611	0.615922823968	0.561902896839	0.543761817317	0.574896637494	0.546077378064	0.543213068305	0.471061224424	0.586643116683	0.592618928559	0.345113068314	0.526115041001	0.553703440357	0.567359532772	0.532114143249	0.447382683766	0.718508693707	0.694789375787	0.572709057909	0.663205237868	0.606075522759	0.269225647025	0.576323137769	0.496269280361	0.574631644064	0.585380983716	0.526462072636	0.536021443038	0.585694754423	0.548431194384	0.523749154409	0.49730296136	0.537705621953	0.553437164933	0.597131333661	0.566791981677	0.510000371561	0.580150636594	0.529949117787	0.527433671431	0.52798336048	0.527139254325	0.568247278895	0.397801266094	0.609720488485	0.491420045433	0.558123207536	0.531936446732	0.634219298982	0.542462230554	0.672173842595	0.594034833518	0.560456014455	0.630887872835	0.622636567582	0.572214651397	0.570730271391	0.485568603799	0.626945506921	0.601843927686	0.679843620856	0.464633674625	0.627848574666	0.550697386381	0.5493953303	0.54774101016	0.616769444897	0.387190771758	0.547210348176	0.637470574795	0.60744858277	0.631461019424	0.643615333774	0.614448917403	0.666115974166	0.61668912692	0.617970359849	0.600484991143	0.571527275177	0.643803283018	0.65591274705	0.63071010538	0.594561247066	0.586918010514	0.579204783409	0.535896803713	0.58331235045	0.605266032624	0.551666420531	0.609557173121	0.574092869866	0.553998739114	0.626002781715	0.579136096646	0.642175370287	0.623472276233	0.472897982197	0.542788900161	0.77903537361	0.530450146132	0.460541825876	0.665893331811	0.542809930162	0.562997256277	0.56287267043	0.632666700887	0.630207144169	0.624665536731	0.501370574797	0.695264907227	0.443177288707	0.531572513671	0.553356364748	0.647025764518	0.429375054439	0.581525537915	0.587570199864	0.561110539149	0.65625153117	0.537255686641	0.690899611227	0.502407289362	0.489862541597	0.626696731216	0.607207742376	0.604536425346	0.464768327188	0.651006782272	0.235234355575	0.522941430762
42	0.66500878582	0.655520843707	0.500855771429	0.631590917844	0.520329482939	0.73537346522	0.62666220611	0.0	0.446034947345	0.460010287335	0.532483136237	0.434411861326	0.504465380809	0.660782980355	0.595597218667	0.693551853835	0.656015619791	0.685337930478	0.496895675518	0.646285426052	0.70001032389	0.482335824403	0.555160121261	0.648723857404	0.703388849577	0.633265705685	0.622221281473	0.64991422195	0.659249303909	0.531033897066	0.537133427887	0.503286549944	0.544944153976	0.538994948139	0.484950188646	0.585938734454	0.461951809283	0.513959654333	0.512254211676	0.488894648093	0.533217863139	0.616452338025	0.679266307874	0.443383357055	0.649457549766	0.673125619844	0.517056306861	0.575127853588	0.530717522475	0.535281387942	0.573992379817	0.635998759967	0.506904116285	0.701380001169	0.538444351669	0.714469846769	0.621197712969	0.694033800908	0.652231266543	0.521455224581	0.654852394513	0.631878640036	0.744054858418	0.671838668463	0.520333811202	0.680180904709	0.679893645168	0.548564482662	0.707062787254	0.637875675287	0.661892398295	0.503929583628	0.586916311112	0.58203744042	0.623068462032	0.676306241716	0.69239513532	0.730304188531	0.721044609985	0.715223167338	0.635521938145	0.701782607542	0.670614576083	0.678225279862	0.64664801332	0.680288524163	0.710096033154	0.696593405219	0.65818283648	0.686279972775	0.639750146313	0.663393358509	0.603944551179	0.510696984206	0.717812362223	0.62573821987	0.628897593572	0.658845165521	0.478087589616	0.66327528394	0.703010946812	0.604479687484	0.661006164496	0.513511375416	0.52281721604	0.881360794762	0.687102621824	0.452138301862	0.795289499054	0.634461537705	0.590252868577	0.457895273893	0.648094381942	0.663480063432	0.666060323385	0.479650526207	0.752253237743	0.517689275155	0.541476533063	0.593025125648	0.734300527742	0.719777610027	0.652292023726	0.630272564729	0.617747145889	0.71016418973	0.683596036199	0.772173798672	0.716757592222	0.703593642348	0.703137201873	0.646057661387	0.663477186346	0.488782922532	0.798513379616	0.586085865286	0.534941850338
41	0.668487455897	0.668965725131	0.484065106657	0.631675879737	0.469859964508	0.732850306608	0.615922823968	0.446034947345	0.0	0.514403404711	0.533902210653	0.498549172179	0.481917888667	0.65222325792	0.599600286158	0.662521090861	0.657592537667	0.641295808368	0.560810696439	0.66897098213	0.641459249151	0.49762500457	0.553595992479	0.694026879464	0.726164842252	0.630588003741	0.648594192791	0.664659224272	0.585953157049	0.497886332336	0.53261186956	0.481829745301	0.540819514789	0.427164307832	0.528873166896	0.50847945988	0.462497721989	0.512352247723	0.531661119246	0.501255625636	0.466766699862	0.624936769327	0.68006688612	0.500933199712	0.603549818829	0.672173747037	0.532988619032	0.596161342286	0.516505453746	0.481561337141	0.566055516573	0.561009152214	0.530264217669	0.656569726578	0.57968015175	0.712302417127	0.600645494616	0.676931551567	0.662541031343	0.555760553499	0.663912113624	0.650163299696	0.681191527139	0.681981367825	0.549347851129	0.688613875344	0.696239434146	0.253270872106	0.62383810619	0.63178717638	0.654525160658	0.53211932402	0.568514893467	0.581974614938	0.579280166214	0.639131097368	0.703375145202	0.730950919785	0.724619085886	0.731622401088	0.656903602918	0.72558868897	0.694118380259	0.698201016441	0.659574867856	0.695168893413	0.720513318513	0.711502597873	0.677583494713	0.691977965872	0.656411910551	0.676717416424	0.630636549822	0.557388487212	0.709223625797	0.629930952049	0.606800124733	0.67931542721	0.494512740909	0.670503786124	0.639233371996	0.633706702982	0.681659334445	0.537815352133	0.582542759398	0.846499499742	0.608814584562	0.543590967043	0.761533073058	0.630195776473	0.609231360786	0.488589179238	0.666071902367	0.679974991388	0.683471386099	0.488142902311	0.728284741505	0.492784635249	0.525781848907	0.592474130474	0.743472234576	0.626198605094	0.637301459099	0.641125371845	0.62294191021	0.709438482542	0.614345049126	0.739648961085	0.648354361775	0.707840660092	0.713556370373	0.667289613336	0.667026789738	0.490384083541	0.692662155309	0.631128317099	0.527868637347
29	0.603650094423	0.570876849259	0.407172413148	0.550161805384	0.454546254689	0.690137116595	0.561902896839	0.460010287335	0.514403404711	0.0	0.494141540548	0.301520105838	0.368434291405	0.555406717919	0.468872262063	0.62568401629	0.600797974925	0.583007841299	0.388348682223	0.597904993811	0.613833351635	0.389581441766	0.478038332572	0.595910803931	0.727547517233	0.603182268359	0.542243714491	0.654889983773	0.56402696098	0.468887230098	0.461670544989	0.434872028218	0.449278732519	0.438009918913	0.414080192877	0.538709240533	0.379687873503	0.448708274222	0.431865902677	0.394810998477	0.466834043828	0.601653901096	0.559579217699	0.297766248083	0.549494680144	0.59406230796	0.420303613112	0.543536320066	0.426135094772	0.433014081312	0.458813472727	0.596583902471	0.469315188194	0.600415238604	0.436121193594	0.686869929857	0.552684413138	0.678400983085	0.624164437414	0.500546166508	0.670361231067	0.612209990083	0.608747627045	0.637342833448	0.428267325502	0.663872310867	0.651551793001	0.599640227006	0.605497031594	0.624881559072	0.578628383544	0.372746602454	0.444993864763	0.574745847411	0.542707466668	0.595904149435	0.692148422387	0.618312763919	0.68958073466	0.705726350992	0.62442167623	0.725083989	0.666620077235	0.673445251262	0.640070504433	0.622568024094	0.701099995268	0.717282013966	0.674008451887	0.659892026057	0.637940497478	0.608988688748	0.559057302572	0.499028706032	0.652611536847	0.534854146699	0.613231347749	0.608229216049	0.414829625899	0.645479435101	0.60920400351	0.573949389061	0.676164634681	0.467079448432	0.480962569857	0.854281930376	0.582387125408	0.243328907229	0.747437063843	0.55727140021	0.546027147973	0.360965452526	0.668493789194	0.660600112753	0.653057966038	0.359616757698	0.713159490082	0.432285405148	0.374225219128	0.531440154662	0.694569423116	0.58487897708	0.499261287506	0.556305159466	0.574154532689	0.686615311286	0.599804903582	0.722537371847	0.583326968904	0.640286720398	0.691134291793	0.653713783302	0.625970314053	0.380154126327	0.735976287959	0.518685135285	0.437556768424
117	0.488552715081	0.553181258425	0.341751532299	0.503905914321	0.283846861185	0.585622032428	0.543761817317	0.532483136237	0.533902210653	0.494141540548	0.0	0.494369005098	0.344229501529	0.519762235823	0.511359699287	0.570865417365	0.526401098147	0.549418444264	0.354598569323	0.51538254889	0.533464723239	0.347288654094	0.300153778487	0.63416911628	0.608908629634	0.510135042525	0.621360199444	0.544566019214	0.544008575005	0.276761049436	0.257087744983	0.319593953591	0.488878316529	0.337435110913	0.341589855156	0.290776455761	0.335808789464	0.250903470323	0.339817100404	0.230769814524	0.232462257865	0.508459990865	0.53029015969	0.421279667326	0.529216715302	0.588813476821	0.333200280781	0.486160923856	0.286636857099	0.313322905216	0.356769865309	0.303074352908	0.48532821055	0.531757046483	0.331750371618	0.608063103082	0.480643914095	0.562720192976	0.543756825194	0.448697417671	0.550929065192	0.549539186129	0.584476114227	0.569469637085	0.284048290812	0.573263614164	0.570537708739	0.527364127423	0.556214719258	0.531607407894	0.5230751253	0.391619224983	0.367010883123	0.490475844338	0.518259593642	0.523991787852	0.595335692529	0.594621113571	0.61099724365	0.619995917496	0.535072834354	0.625430147346	0.571139596595	0.581856273443	0.543224781144	0.571722244477	0.605199892422	0.615976539584	0.556725267361	0.568920282805	0.546562464012	0.531448728146	0.537522594071	0.483298250468	0.608370241618	0.511452622068	0.530161318767	0.512009381675	0.273623642893	0.573241551739	0.558537330343	0.553493494178	0.579097670267	0.481484762554	0.553183170755	0.756648107055	0.54576713349	0.476014489782	0.658815407275	0.495501543047	0.520515111276	0.468761216101	0.549115268533	0.55940022656	0.565117447027	0.290140045535	0.620756570678	0.483172033903	0.439570859116	0.523492584315	0.623850022305	0.60346438526	0.510104899744	0.506589326387	0.510082000484	0.594523514817	0.535368375399	0.645468960489	0.574302636349	0.557638621035	0.594838365518	0.551151193982	0.538679538387	0.310489702295	0.679123644428	0.545705754908	0.258730242119
35	0.607305379608	0.579928857777	0.417778898973	0.569704060149	0.469744260076	0.673074367764	0.574896637494	0.434411861326	0.498549172179	0.301520105838	0.494369005098	0.0	0.378145637564	0.540615171064	0.522183320861	0.61571077934	0.599942865483	0.591572501553	0.440437473041	0.635309505433	0.628546666081	0.391646844048	0.495945296065	0.528347089172	0.679044953203	0.561871784473	0.542599916785	0.582444016043	0.575485045367	0.459935422067	0.476481231812	0.412209291073	0.434297253445	0.483407474955	0.417860556267	0.541320893594	0.384651521284	0.478068801778	0.434803291044	0.409706021551	0.47838702968	0.544451124559	0.583032210598	0.278658305506	0.557936939217	0.623060088932	0.433164588003	0.496475996921	0.461693987916	0.454519582685	0.485580660366	0.593524840081	0.432012866804	0.611100174149	0.469067744155	0.627375043199	0.541399392459	0.660877935946	0.583621413151	0.473363572613	0.577266666326	0.5524398496	0.61489499397	0.593103496914	0.455623506396	0.60445661281	0.601410763992	0.578352011307	0.636178809132	0.560991662266	0.58408411737	0.395405569695	0.492596038037	0.548905335141	0.59077365539	0.603258610167	0.626713512513	0.62978338293	0.631242051034	0.645459419409	0.568123010803	0.652816208497	0.596145612104	0.612585009744	0.577809038944	0.598631351472	0.625668700595	0.642083600064	0.601138585015	0.598949523664	0.58045570167	0.581313937078	0.544620742279	0.488915512186	0.646621713508	0.541704489867	0.563882090576	0.65073778462	0.396659356311	0.607681237973	0.622731430838	0.545965647983	0.604621685093	0.45044125305	0.46184442365	0.826612950725	0.628983903032	0.313527528705	0.735915519754	0.561780199983	0.532913455838	0.244253189522	0.583104995858	0.597042656181	0.598648136767	0.376967701467	0.717221837719	0.473249870554	0.348954495337	0.495247268822	0.642797023223	0.609757730599	0.555170749362	0.553053892421	0.559505841992	0.671144592236	0.606360858665	0.719350800378	0.605431189101	0.655937005539	0.615517358825	0.594538638893	0.613700928622	0.413756658293	0.738501616948	0.562788282442	0.45667088419
109	0.542207590415	0.520642535401	0.267302779174	0.511597068133	0.313890883768	0.617448301229	0.546077378064	0.504465380809	0.481917888667	0.368434291405	0.344229501529	0.378145637564	0.0	0.512063972533	0.471799880591	0.543210747839	0.515277999405	0.519710173088	0.332466766766	0.521026263292	0.524744719903	0.266427267439	0.346351065224	0.604889018642	0.655132714968	0.499179892156	0.568655572734	0.567349828073	0.530346658991	0.289723487092	0.275849257584	0.238323402576	0.434039853258	0.360383080066	0.320005356012	0.362693856435	0.258177934729	0.307954339303	0.326737725457	0.242473431048	0.314897252616	0.536310808192	0.541006232136	0.368160447381	0.472432235424	0.565345092553	0.278098447844	0.486531776468	0.322283717801	0.303782761344	0.385524918863	0.398828996604	0.434945923536	0.525274501656	0.364880999986	0.609561557087	0.464619960029	0.577404307461	0.523686727733	0.469060235252	0.57856319239	0.539690306889	0.554136035943	0.567389206431	0.27809778369	0.595660957828	0.585121149285	0.510565016552	0.533918598117	0.559863719041	0.495192971958	0.260555715142	0.274216327322	0.515291602936	0.52079082277	0.516564273501	0.616104177374	0.599912758804	0.626173935092	0.642366547773	0.561420231885	0.647738647503	0.581267496152	0.603966203527	0.567018014342	0.566350074402	0.617819241001	0.630892401968	0.603338744607	0.583563092075	0.564633214951	0.557939307121	0.507349665161	0.478153211405	0.549861454253	0.489480795289	0.540302739736	0.54536637536	0.214253046037	0.574551550719	0.526504731521	0.509993052268	0.604878355378	0.43344248095	0.487315011936	0.75921570331	0.515963429021	0.384777626353	0.656232107984	0.484560274881	0.473453429806	0.369311444169	0.58499693809	0.585853189952	0.582498223585	0.208886165365	0.614876591558	0.472751399031	0.356673538366	0.468900856772	0.637695749452	0.539737624206	0.468510733055	0.469083882327	0.543902679624	0.579149990541	0.505008196876	0.615155514068	0.521192935707	0.580962094972	0.610651752233	0.572857931094	0.531662686374	0.29431720316	0.643740240811	0.562724100062	0.300211457584
69	0.432116030717	0.522920521061	0.605550442072	0.452204747298	0.522721397278	0.362571636858	0.543213068305	0.660782980355	0.65222325792	0.555406717919	0.519762235823	0.540615171064	0.512063972533	0.0	0.474509268046	0.446819360718	0.446709030864	0.451573083158	0.59603826057	0.532266473265	0.482844489641	0.581830149602	0.550591327487	0.554941413063	0.502663748515	0.337072155091	0.586753619702	0.442987903007	0.549215398802	0.558510705622	0.536291685985	0.539171051696	0.558885198198	0.578696498274	0.59477448575	0.548599177498	0.585139310724	0.541286982969	0.579779342233	0.535070188302	0.52279710875	0.457623831014	0.365813803469	0.54330259022	0.505617021488	0.589967900757	0.540183570529	0.405291046214	0.577260429652	0.539472944944	0.577002745287	0.565881849902	0.459471768399	0.367224666858	0.62279730293	0.479048533737	0.375404488417	0.527153600455	0.408801471429	0.488800378128	0.466446879453	0.426181906357	0.447991098657	0.47410615184	0.558991677499	0.471440979336	0.491267200455	0.636869264734	0.491366263486	0.474148639402	0.352334888437	0.559454888894	0.465885535942	0.478756734461	0.502136195818	0.423823227621	0.493591198523	0.488888294006	0.493287281065	0.489326497184	0.427200857713	0.521649132208	0.465703836765	0.45996618974	0.461619726305	0.479633704167	0.480937010272	0.500179139908	0.460392639199	0.456783469651	0.446634771357	0.464527268258	0.486997911009	0.541812961039	0.532871419528	0.460234613933	0.488384954899	0.49977628677	0.504359844946	0.432985520771	0.478837173556	0.561310465812	0.490540722729	0.456212724661	0.515704121943	0.636650299019	0.49852408798	0.514806099755	0.535748794774	0.40805079537	0.50155160178	0.557068019833	0.457110155958	0.457539072371	0.470943930538	0.488041902694	0.570265401454	0.591173015189	0.496625001964	0.443568509484	0.500873778391	0.52396495217	0.491333838441	0.398303814696	0.422701373815	0.506149172064	0.458103530022	0.49413008889	0.498300671503	0.480080634356	0.475067465089	0.463913061825	0.508196668087	0.55949657903	0.57560212447	0.585440242162	0.547880890431
28	0.466289930842	0.414794225096	0.520131446713	0.356788677362	0.521277967299	0.559774512215	0.471061224424	0.595597218667	0.599600286158	0.468872262063	0.511359699287	0.522183320861	0.471799880591	0.474509268046	0.0	0.415649959383	0.359559644932	0.461245942599	0.484317036373	0.37861513797	0.394013086722	0.502175250869	0.49291705677	0.625967534025	0.64311323852	0.409267041526	0.609789299217	0.558993831323	0.476119520223	0.543003679275	0.452115881863	0.551241143142	0.553027804253	0.50879356922	0.505891999805	0.560049547596	0.519157502298	0.496804627514	0.472725720578	0.48260478862	0.523522181918	0.551560869346	0.49126438359	0.436911223003	0.39561578527	0.364976254167	0.494494833482	0.35054959663	0.498295834067	0.517554187396	0.492925944895	0.588662630263	0.28520707797	0.437800040697	0.501216432359	0.599709861607	0.329162218959	0.514085511257	0.353638499711	0.461199841935	0.597312702657	0.483970446731	0.492841703179	0.575082570314	0.476430621787	0.571931653773	0.579795951313	0.654471991258	0.394478533856	0.574401579931	0.374734338491	0.432704048374	0.456436698616	0.526906560531	0.394221170802	0.40328412162	0.61755695839	0.455984883364	0.608310330063	0.624724157573	0.546346830914	0.64246113584	0.587983226384	0.593041022786	0.568820454079	0.564877561119	0.604241814845	0.639564589093	0.583077824269	0.583913521929	0.569428368166	0.537480816592	0.275795026634	0.435816072585	0.435421771448	0.324717095465	0.505635449213	0.353456354289	0.518747617068	0.419284172505	0.334936609267	0.475533040222	0.603342717489	0.292075257056	0.350641330049	0.748640206302	0.362055577124	0.430888114244	0.620843166536	0.31258610685	0.412164764615	0.514307515793	0.594163355182	0.580615598735	0.5817448555	0.460072170163	0.530705177982	0.501100634582	0.41579298891	0.322376878248	0.623511134807	0.43406550539	0.466635718803	0.408407436745	0.418507080501	0.458311174457	0.386853912291	0.564862818781	0.41810254406	0.510997480139	0.603576972844	0.573485301691	0.363358985417	0.452625442968	0.589290718268	0.505277885441	0.491780615032
26	0.448842815035	0.347891530695	0.618697553277	0.365872308715	0.565263542836	0.554253022586	0.586643116683	0.693551853835	0.662521090861	0.62568401629	0.570865417365	0.61571077934	0.543210747839	0.446819360718	0.415649959383	0.0	0.332122381166	0.459428789066	0.627884035975	0.507064417625	0.389949718642	0.618162715667	0.604581743463	0.622011324665	0.591263160306	0.374745399648	0.600621004329	0.500176023664	0.594224981998	0.583392334817	0.587349231371	0.59962986486	0.641004600666	0.599188365018	0.64273702895	0.57929754153	0.621653896454	0.598290901045	0.613603934816	0.585235571475	0.56235618155	0.493315824868	0.420976653059	0.598538955358	0.407726205962	0.498448017574	0.58938266393	0.383966517937	0.606254011586	0.565706310168	0.633471979594	0.578760901731	0.382704247132	0.501105755802	0.649824941528	0.505407408481	0.319623586639	0.492442852199	0.349429432397	0.516630191919	0.536551269174	0.489313960591	0.432187376669	0.495071820335	0.610257381378	0.487265619907	0.502089197133	0.654399836059	0.486238180229	0.54590287347	0.340776813399	0.590670177124	0.521353814831	0.4774863587	0.547151269176	0.296389302032	0.527211819846	0.272948244599	0.520265559714	0.519123696036	0.474276039196	0.588567272933	0.493690103414	0.494860394796	0.500604250586	0.49477629161	0.510190478606	0.564366012855	0.521340775409	0.506571794749	0.482857766757	0.466643577917	0.410678100201	0.506676661557	0.404373194154	0.313564839697	0.47673536249	0.418051277083	0.584274610808	0.357028864007	0.326907707659	0.534189743237	0.544731983627	0.397750429798	0.457458642605	0.667874977521	0.425570228599	0.609309826173	0.557529548121	0.329966134647	0.470145296734	0.594840600976	0.530153402448	0.503400500124	0.506527476022	0.575782778719	0.524755639125	0.665451789771	0.45527925573	0.353878301159	0.509264807902	0.517678897866	0.532625550197	0.346582248387	0.386416096765	0.400823875209	0.375338197949	0.525727348259	0.492817968905	0.511698394882	0.521089718496	0.498504618388	0.376727664641	0.615602326367	0.510693566447	0.656019818756	0.606271372808
88	0.439740508054	0.443455214763	0.598058452518	0.398989233685	0.560489879601	0.533731198447	0.592618928559	0.656015619791	0.657592537667	0.600797974925	0.526401098147	0.599942865483	0.515277999405	0.446709030864	0.359559644932	0.332122381166	0.0	0.511773474457	0.607622828305	0.392433509796	0.36897153651	0.588625871945	0.584072342645	0.59940018959	0.598033983391	0.310057321293	0.635626859274	0.471532759994	0.594419510212	0.553651097238	0.533809065081	0.581601089254	0.608226559831	0.583465078583	0.611919106382	0.553769664018	0.610863024285	0.56635982159	0.593000122904	0.551978800888	0.545942191395	0.466204480668	0.463285941487	0.567048758315	0.405139443455	0.367548159409	0.560240406342	0.371944321959	0.587885288026	0.541245311767	0.610675834668	0.564855454357	0.374535525607	0.45066691038	0.625476876894	0.509114661082	0.239719940758	0.459497763478	0.308585890799	0.478895083561	0.504456754457	0.459510075695	0.473496069198	0.48029473723	0.582700314611	0.460593715202	0.485133741193	0.633754855535	0.443694532088	0.48773408358	0.335062848229	0.520026363737	0.484366851848	0.447655926375	0.548106593604	0.364690379719	0.512904753709	0.413611173496	0.516707666488	0.526530709339	0.452054438868	0.539090532489	0.500619739961	0.505070550328	0.480746662135	0.498118486353	0.50699905189	0.535600814584	0.47763682793	0.504699130884	0.48157104656	0.456666715685	0.31447816398	0.49974529204	0.354361506134	0.403810871647	0.498590308436	0.345501695636	0.536452171644	0.407702788201	0.335511057664	0.52126868705	0.505690144168	0.375196735576	0.395023439329	0.625401084728	0.428544308178	0.577250228116	0.551383389964	0.334319082277	0.400037079424	0.591694790899	0.48821672854	0.478004916313	0.472860331506	0.552965960148	0.460149171135	0.607459339106	0.476987719361	0.362271132972	0.55831937983	0.524909423775	0.500947111831	0.295383503407	0.428883608193	0.374353276753	0.437297786841	0.546414494419	0.478905152482	0.474102413798	0.504308965166	0.474440594816	0.219257764998	0.574856385265	0.560247613718	0.62168095374	0.582159737933
74	0.520123182708	0.521992459678	0.566838501683	0.449757095135	0.504280218321	0.514120994006	0.345113068314	0.685337930478	0.641295808368	0.583007841299	0.549418444264	0.591572501553	0.519710173088	0.451573083158	0.461245942599	0.459428789066	0.511773474457	0.0	0.541634587701	0.516867480166	0.456569570666	0.561885599345	0.444818960481	0.682832752316	0.63267969521	0.474219359458	0.611102963683	0.569286568839	0.280334830475	0.565190773063	0.500014819111	0.565264073729	0.55516623091	0.517585047376	0.572205622308	0.578872671345	0.586585238456	0.527104525016	0.533846800261	0.531628952181	0.52401812056	0.578384771826	0.425984595945	0.555266638212	0.486745997598	0.543457063511	0.532053149042	0.454074924153	0.53270916616	0.540140358492	0.427974567679	0.581515205923	0.480654439371	0.466420323511	0.568072960482	0.570222635935	0.450414961499	0.604821096464	0.491232058549	0.503093544573	0.594212051038	0.518021764029	0.355911117145	0.546106326195	0.515357618174	0.572538206751	0.564265625792	0.654607326208	0.43720124609	0.60461877745	0.445302838574	0.547016566092	0.47088328675	0.586129089504	0.373634282407	0.435085092273	0.589770334028	0.482547023976	0.572028423796	0.581489830572	0.570734106741	0.631885877721	0.559755159586	0.556618337687	0.584437130813	0.534137532424	0.57695893194	0.603269574787	0.586302971906	0.557168442174	0.565777935214	0.536693927192	0.530368159023	0.562743307175	0.509872842489	0.433177060001	0.476776474435	0.510763845258	0.5565806656	0.540028787632	0.459187145251	0.588263484341	0.596092380923	0.481042885118	0.547079768502	0.76128340953	0.449017108029	0.503885862817	0.657118061192	0.457127045638	0.555884764122	0.586522478407	0.588728590389	0.572061447551	0.583431167529	0.503560389012	0.638808789499	0.53632784706	0.513272524223	0.463079382831	0.588737976973	0.257929290747	0.471676547679	0.47873615036	0.477870151783	0.597587721055	0.419190541111	0.648898221062	0.307802266492	0.525892303598	0.579744846742	0.582291779597	0.553403939814	0.485995344874	0.598643177025	0.406016851602	0.522073963039
6	0.594202608587	0.567338175265	0.219775408241	0.574928215997	0.326001239452	0.676317249844	0.526115041001	0.496895675518	0.560810696439	0.388348682223	0.354598569323	0.440437473041	0.332466766766	0.59603826057	0.484317036373	0.627884035975	0.607622828305	0.541634587701	0.0	0.525677464973	0.574561208131	0.249385768317	0.308601332289	0.704435814459	0.722881878626	0.596823325685	0.609971863214	0.653409217391	0.528042591509	0.318725945304	0.277980362663	0.372497739053	0.514313391044	0.345380144813	0.187045688932	0.421775769661	0.230345369391	0.261921867374	0.190942571176	0.258025023401	0.340069324536	0.63854697462	0.570918297806	0.377039860696	0.548098150187	0.592643388336	0.274735510684	0.540852141172	0.203132939037	0.365287877347	0.339738135437	0.391591012025	0.48882172246	0.617914965962	0.16092598269	0.703334982619	0.55787791333	0.639489706801	0.617423318609	0.459240153324	0.680040907689	0.633872300375	0.587915395982	0.662020540261	0.233307612966	0.684316454245	0.664548111757	0.615980084558	0.576386704566	0.664099232638	0.586969022804	0.304372021771	0.3814893926	0.588218724792	0.482289941934	0.607156657404	0.704617765068	0.651565132894	0.700998796749	0.718659819532	0.644767728617	0.731476399177	0.671407603309	0.678234488877	0.648877842455	0.649456504769	0.70843383597	0.720452637254	0.675032778852	0.681385759634	0.64953743355	0.629963072442	0.566598868586	0.487972872182	0.638936555611	0.553254906928	0.563787080714	0.565557127301	0.353189312412	0.652122835838	0.613095836708	0.571309704178	0.685044637586	0.481387163133	0.530184975456	0.843098534007	0.571145837511	0.393013350074	0.741681107525	0.55813916781	0.576457065216	0.446995619146	0.677416710204	0.661721981313	0.665365327735	0.255429082392	0.694889067151	0.4856260009	0.488053795808	0.546076348168	0.70700215234	0.571499696491	0.507418860812	0.553655550522	0.608969959976	0.64651112118	0.571914347861	0.721502243695	0.562726132713	0.59239133132	0.698755212131	0.658509330436	0.621064449971	0.261078931195	0.73112074823	0.517519223691	0.228616034952
